Falls 236 269 247 296 186 200 231 174 217 211 252 197
Nootka 310 282 292 378 232 330 192 197 231 314 271 349
Chapmans 213 316 232 212 159 135 162 174 363 276 360 347
Westbridge 210 64 74 75 385 402 284 237 46 93 206 32
Tilbury 392 336 416 231 512 476 493 472 453 216 262 235
Fernie 139 344 233 378 116 284 222 301 135 210 308 267
Athalmer 225 335 234 321 332 305 279 181 261 296 281 218
Hodda 165 356 189 343 161 328 334 310 336 208 350 336
Cheekye 253 201 225 298 278 271 220 282 207 264 214 239
Tl'etinqox 379 192 311 281 263 341 231 338 160 258 223 239
Elphinstone 212 262 272 181 194 180 218 226 177 221 244 229
Sahali 318 209 301 351 388 223 373 229 423 273 215 327
Huntingdon 184 167 259 166 166 166 242 262 269 267 200 260
Stewart 185 183 318 343 284 390 211 245 316 358 403 343
Westley 335 376 214 332 382 226 285 291 427 419 291 212
Taku 360 492 341 354 487 364 411 319 468 491 400 490
Butedale 208 206 202 212 215 186 175 186 256 171 190 189
Esperanza 323 164 211 287 332 167 186 265 382 189 366 334
Kimberley 363 385 447 472 342 326 362 329 471 293 408 305
Warfield 233 443 261 463 217 293 416 341 159 196 415 316
Benchuny 318 412 288 471 496 427 360 500 498 321 359 514
sḵelh 361 357 390 409 326 369 420 402 334 390 362 402
Exlou 95 147 44 207 219 268 257 311 28 348 68 129
Wardner 278 225 97 79 141 329 183 266 229 98 114 305
Aa-at-sow-is 291 302 295 370 293 268 341 388 408 352 342 294
Unchietlat 338 260 269 453 377 353 302 352 399 326 400 406
Hall 292 374 200 304 305 310 350 159 190 299 375 225
ḵ'els 478 371 388 372 421 395 361 307 334 397 480 200
Sointula 101 329 360 103 182 119 156 167 251 340 209 249
Trail 267 436 463 243 302 500 234 364 308 389 483 379
Kemano 293 406 384 427 341 318 384 355 359 332 354 347
Meachen 336 380 325 373 274 370 265 363 297 280 198 196
Tipella 336 310 271 388 209 359 456 251 229 388 220 181
Finbow 343 342 284 354 257 321 273 302 282 353 254 345
Taghum 284 311 269 343 311 193 306 230 391 388 211 228
Sundance 306 407 407 426 342 318 354 388 372 411 404 336
Nuumaqimyis 229 254 314 275 230 260 157 155 151 291 236 168
Arnold 230 356 349 311 363 292 277 358 277 353 269 334
Langdale 409 420 249 334 217 285 419 268 237 447 374 398
Angusmac 371 324 386 436 426 425 443 293 305 397 409 162
Lavington 303 201 193 441 306 426 266 253 260 418 318 237
Edgewood 303 273 316 321 342 350 325 295 317 285 276 301
Shushartie 283 214 233 262 295 258 248 247 273 238 231 286
Gundy 155 247 210 298 169 202 196 324 171 238 325 230
Blowhole 330 382 297 331 330 401 359 406 339 324 391 314
Kitwanga 337 183 406 426 368 288 264 164 264 266 267 240
Perrys 286 303 246 283 235 239 315 319 300 294 283 312
Shoreholme 521 376 435 467 446 478 365 403 407 479 318 435
Coykendahl 311 296 314 303 347 308 324 295 327 362 364 379
Atluck 448 253 330 430 510 506 331 311 270 186 248 223
Clayburn 428 294 325 91 182 167 409 435 257 400 312 105
McCabe 245 254 278 214 275 311 242 272 207 277 275 215
Benledi 316 350 356 429 473 353 434 409 468 331 408 362
Fenwick 389 252 233 324 314 133 389 165 231 299 235 112
Kitkatla 402 229 196 313 229 400 330 371 122 293 309 404
Braeloch 199 178 227 164 305 311 262 294 199 275 265 231
Morey 564 289 214 532 267 502 311 422 411 568 464 341
Olson 428 198 259 495 354 454 445 331 435 210 201 463
Xts'init 174 309 354 153 312 248 151 286 182 374 284 109
Deadwood 419 350 422 440 400 270 390 392 361 352 377 335
Kissick 224 265 183 331 171 237 328 206 252 202 384 329
Extension 352 305 292 319 326 307 279 316 297 301 319 265
Evelyn 353 314 349 189 129 194 51 306 205 294 428 181
Tahsis 339 393 420 376 370 376 409 455 434 348 377 430
Sooke 344 262 372 191 155 262 178 225 185 290 144 320
Glenmore 183 381 171 382 138 432 194 253 263 434 298 294
Yennadon 400 242 434 232 349 265 339 403 406 300 257 426
Whitewater 282 303 374 394 313 431 394 354 243 356 329 387
Boulder 139 158 376 218 319 157 270 324 254 353 237 254
McCracken 242 269 308 235 300 247 248 285 255 304 305 271
Camborne 299 267 340 330 397 332 355 409 330 278 284 390
Oakridge 428 420 306 361 179 253 266 318 269 261 409 236
Blake 276 268 171 274 308 111 149 187 213 204 132 337
Griffith 274 165 297 225 188 294 357 327 394 301 363 214
Cahilty 406 372 396 421 368 398 413 355 370 430 376 396
Thrums 308 319 324 351 366 324 414 381 381 400 412 366
Wellington 308 299 330 233 181 191 271 289 237 113 148 186
Highlands 319 327 311 302 292 325 247 221 205 202 228 282
Devine 166 249 153 232 287 236 141 168 262 211 248 260
Palling 196 117 323 164 348 298 397 262 373 124 137 157
Sunshine 359 295 314 368 419 270 466 408 387 454 391 383
Cinema 461 480 424 302 486 492 359 482 454 338 463 369
Toketic 326 233 335 273 443 206 249 254 393 333 222 268
Eastburn 156 385 293 395 282 354 222 288 156 264 195 230
Canoe 386 364 261 264 255 298 392 231 280 267 301 318
Merton 393 400 386 157 392 321 340 245 92 186 280 275
Elleh 197 312 100 377 126 135 363 373 174 307 278 360
Lasqueti 298 327 377 209 180 322 357 408 435 396 237 316
Walker 133 261 295 280 331 118 353 444 386 197 374 193
Ashcroft 249 238 200 243 285 187 235 192 238 292 298 220
Cedarvale 167 306 265 406 100 40 106 125 175 45 238 67
Canim 256 255 293 239 274 278 218 260 297 235 314 241
Foster 419 348 418 280 329 317 311 435 346 389 283 409
Popkum 234 229 225 221 240 177 222 232 232 239 199 162
Holmwood 485 482 327 337 483 434 348 438 295 383 331 375
Kragmont 223 410 222 165 386 280 171 494 209 332 247 488
Silverhill 346 342 242 262 363 204 342 310 336 198 350 374
Dunster 174 219 200 216 191 183 204 196 190 206 184 217
Elkford 74 160 379 229 369 73 218 265 223 335 283 131
Golden 353 399 364 332 269 247 280 310 351 324 381 313
Suncrest 140 150 262 228 311 267 238 256 107 296 241 130
Hawks 254 44 77 297 175 58 370 248 90 268 194 117
Dentville 327 275 276 235 273 263 291 289 257 258 260 292
Winlaw 218 328 180 280 257 450 389 191 439 355 191 283
Surprise 287 382 296 195 375 340 300 236 373 139 393 271
Casino 385 325 406 509 303 456 324 467 285 521 205 270
Sunnybrae 297 243 325 204 324 279 336 420 367 210 199 280
Lempriere 346 451 408 416 453 394 432 402 447 455 430 375
Avola 219 254 262 295 214 232 330 264 328 332 259 292
sḵelhp 401 421 425 298 404 366 423 345 323 364 303 363
Waglisla 248 224 336 464 353 196 249 213 186 342 265 440
Killarney 310 189 202 318 397 365 288 147 237 172 151 377
Rosswood 221 218 155 191 278 259 267 282 298 306 163 252
Passmore 330 325 242 198 212 364 373 372 229 349 389 385
Chemainus 314 354 293 303 303 333 306 304 266 270 283 297
Nursery 373 494 398 244 257 368 305 268 349 390 283 377
Aldergrove 212 187 209 227 218 239 214 170 187 223 199 202
Osoyoos 365 261 263 258 289 364 292 272 294 317 291 391
Elgin 317 339 179 146 122 329 156 432 85 252 270 324
Erie 385 406 332 330 378 333 441 419 350 326 445 357
Davidson 423 323 295 393 377 429 287 415 313 388 425 287
Slocan 327 333 290 231 343 341 191 257 241 261 200 358
Dadens 419 313 229 214 247 375 181 130 154 324 293 247
Tsawwassen 347 404 420 281 362 358 299 424 206 471 480 356
Sardis 204 236 195 212 258 247 250 290 200 233 254 250
lekw'emin 228 222 34 210 360 190 216 233 266 78 314 55
Tye 193 210 183 267 154 256 233 187 186 189 206 250
Pyramid 202 475 555 245 549 182 363 256 302 423 280 406
Altona 186 213 455 340 250 277 409 139 346 385 372 403
Strathnaver 154 207 176 216 170 211 190 159 154 122 294 292
Deerholme 161 296 204 323 167 250 233 323 343 382 234 316
Dewdney 166 194 268 117 201 203 250 370 271 249 255 97
Hilltop 232 288 287 294 304 311 279 223 248 312 247 301
Colvalli 329 304 348 376 320 368 388 401 412 354 392 290
Vallican 319 181 256 193 324 284 274 229 264 163 158 252
Vinsulla 452 471 319 459 475 467 447 479 450 280 443 455
Taverna 367 278 241 231 208 369 394 414 339 369 408 368
Xeni 364 453 244 438 443 427 244 312 375 265 229 392
Tahltan 498 516 324 317 479 389 365 159 265 483 145 322
Cloverdale 136 145 141 324 212 258 195 185 182 269 133 215
Hopington 386 444 364 429 438 441 389 357 352 336 357 387
Matsqui 432 143 217 222 156 429 160 441 286 339 445 299
Meadowbrook 312 312 225 176 233 390 358 213 304 336 380 383
Needles 295 255 303 229 280 167 217 211 189 284 367 176
Applegrove 391 152 117 283 258 353 312 140 122 321 199 392
Ani'citakwul 158 129 220 328 217 139 271 277 259 258 189 237
Canyon 267 140 481 327 403 346 327 326 444 156 162 260
Tuwanek 232 267 288 111 346 159 422 294 269 115 161 96
Birchbank 258 304 164 105 70 149 148 122 144 128 375 271
Martinson 361 203 243 464 457 433 396 421 243 505 294 373
Nakusp 385 256 324 361 298 342 285 297 251 275 241 295
Hazelton 177 280 164 257 263 225 238 169 263 177 231 253
Agassiz 238 262 107 161 226 258 157 285 107 275 138 312
Bralorne 172 478 392 341 259 400 203 400 252 432 197 450
Paqulh 123 217 109 333 71 130 192 257 147 129 233 86
Macdonald 271 314 253 244 316 274 331 236 223 181 301 281
Fernwood 427 283 347 289 389 297 365 364 473 238 481 354
Hillbank 243 232 227 198 164 172 184 173 184 217 168 192
Likely 225 231 322 319 211 207 255 173 165 275 169 193
Tabor 102 376 93 356 107 214 351 107 389 168 284 118
Comer 453 424 284 282 305 400 409 448 416 297 348 434
McGillivray 97 246 351 122 55 333 192 139 90 304 181 153
Bergs 355 273 84 139 343 196 161 311 162 84 282 230
Kanaka 369 183 314 140 130 153 216 322 285 96 38 51
Collettville 353 175 250 320 266 196 225 136 230 143 315 332
Oliver 308 318 296 329 296 348 342 261 256 178 342 333
Whistler 307 337 251 224 160 213 269 173 221 248 464 217
Glenogle 289 290 320 253 194 324 279 276 216 186 294 218
Harrogate 303 299 270 313 278 357 335 330 313 276 363 380
Osborn 424 405 268 327 406 334 475 432 363 276 462 474
Quatsino 319 311 261 222 323 369 238 232 185 157 158 217
Anglemont 183 334 123 356 309 215 332 240 93 149 199 179
Forestdale 190 194 230 270 203 251 270 175 185 179 227 181
Hanceville 175 448 434 384 448 329 298 154 247 297 158 168
Hedley 342 372 339 331 318 232 238 368 427 298 396 340
Stellako 284 200 319 113 261 116 305 320 224 190 373 261
Lockeport 122 265 324 326 356 192 128 250 145 209 255 107
Harmer 290 284 267 417 289 348 456 446 409 447 360 273
Fitzwilliam 142 308 354 355 171 380 333 319 357 168 183 179
Nazko 361 210 409 270 255 431 206 308 275 273 278 430
Lister 229 201 218 159 265 282 278 259 277 188 255 254
Foss 205 197 135 269 141 276 239 132 254 233 272 230
Sweetwater 439 367 393 409 317 331 440 419 398 469 377 382
Egmont 351 416 203 323 256 302 318 216 265 377 353 319
Westply 254 258 310 316 365 178 379 398 275 406 260 298
Seaford 246 240 259 258 190 194 205 211 164 252 259 175
Hoo-ii 285 443 460 362 445 328 268 256 416 389 271 364
Shirley 385 328 459 445 242 246 242 432 191 310 305 258
Ridley 265 290 417 193 422 379 386 260 181 430 415 402
Wasa 402 57 320 98 172 269 412 144 305 231 76 376
Crowsnest 301 391 288 347 278 390 401 308 380 383 255 377
Fintry 344 394 134 286 103 345 198 321 121 180 169 129
Chasm 369 355 430 358 465 365 333 422 439 312 418 336
Bendziny 416 234 167 199 268 359 323 117 250 364 237 398
Silverdale 298 320 379 273 438 264 467 393 283 258 360 440
Kitseguecla 372 195 191 284 350 327 239 373 355 417 170 269
Exstew 324 333 285 357 413 425 287 410 432 292 323 391
Lemoray 225 209 221 124 294 281 307 394 300 267 296 389
Chetarpe 356 357 407 446 333 434 363 229 370 401 347 397
Burkeville 421 276 359 264 388 306 335 262 298 362 294 283
Carson 429 235 466 391 479 342 426 513 444 416 489 491
Wynndel 205 256 267 123 263 279 188 246 282 192 222 233
Greata 286 246 510 456 239 340 370 525 271 533 329 447
Ferndale 409 291 288 403 360 409 337 355 286 379 354 357
Terrace 266 195 220 176 315 245 226 178 213 345 296 350
McCulloch 355 431 354 405 369 434 383 393 398 423 401 430
Westview 281 148 254 316 237 225 352 149 163 379 388 253
Poupore 141 283 218 245 315 335 338 387 367 341 226 211
Ucluelet 402 172 146 275 301 473 312 172 480 316 210 125
Anyox 218 290 186 196 232 229 240 284 186 215 206 243
Youbou 309 352 297 275 280 291 353 301 328 356 344 307
Rosebery 387 275 287 325 306 277 324 272 228 191 199 375
Oweekeno 260 252 247 197 178 226 270 230 181 251 234 186
Waxwaal 179 153 456 313 297 489 475 511 450 177 267 450
Drynoch 90 202 115 173 166 276 156 301 141 161 146 345
Torrent 283 225 273 136 145 107 322 112 212 114 228 180
Delta 409 293 336 294 275 303 400 322 364 260 274 381
Clearbrook 344 426 225 407 366 447 487 468 385 347 344 211
Clayhurst 423 227 410 326 365 115 161 133 312 399 258 363
Victoria 194 168 268 234 227 192 249 196 255 285 217 199
Exeter 290 457 212 355 220 263 413 244 371 514 398 385
Cheakamus 200 347 373 446 408 242 225 458 442 433 464 313
Remo 321 226 269 312 538 397 296 366 350 469 454 344
Azouzetta 341 431 369 415 351 404 430 352 407 350 371 379
Ts'iispoo-a 205 266 373 197 348 383 159 144 321 303 179 294
Hydraulic 251 215 482 129 249 206 225 375 451 270 137 324
Chenatha 262 103 199 98 381 347 403 234 392 402 144 407
Kisgegas 160 312 332 311 279 161 350 334 261 325 203 305
Lytton 349 277 312 298 382 404 370 373 261 407 395 399
Saltair 272 252 134 176 137 142 150 137 153 153 137 270
Klua 211 304 377 352 411 168 364 333 425 383 312 383
Barlow 196 224 333 273 308 283 206 186 207 281 331 286
Keating 351 296 285 337 292 323 304 325 315 359 333 309
Glenmerry 246 251 318 307 424 270 363 301 415 287 310 394
Colquitz 210 230 262 238 212 194 259 194 220 266 227 199
Savory 336 339 299 347 348 383 338 308 324 356 307 379
Atlin 230 273 174 217 183 258 286 228 149 297 224 175
Squamish 338 240 197 213 310 256 228 337 259 340 271 226
Drewry 235 290 315 343 288 239 309 347 312 232 349 270
Kaisun 199 274 235 239 327 240 231 188 302 282 226 240
Marblehead 361 424 432 469 355 378 437 394 286 412 393 470
Meldrum 319 246 348 321 253 237 324 342 371 347 237 352
Nahun 517 513 308 523 266 402 396 549 229 418 411 455
Blewett 342 306 367 295 375 323 330 338 338 299 347 294
Wingdam 363 337 360 449 434 359 428 351 364 378 453 364
Illecillewaet 181 426 200 130 294 175 332 324 177 92 263 425
Renata 350 393 291 402 419 344 337 336 415 342 298 324
Tigulhdzin-chi 228 384 261 385 392 311 352 306 248 265 410 223
Demean 183 105 362 140 411 218 427 230 395 411 313 89
Mii'is'iik 285 224 292 372 318 304 332 244 358 292 294 348
Marilla 361 380 438 440 307 393 436 220 327 307 310 377
Cisco 459 348 427 275 428 448 388 493 439 365 498 401
Tlakmaqis 414 227 213 250 314 215 316 197 214 279 239 365
Ben-My-Chree 364 370 383 408 365 327 350 358 291 308 369 408
Greendale 295 194 245 233 270 306 245 255 257 309 274 223
Potter 326 342 249 417 377 302 403 456 391 324 376 372
Peachland 241 280 201 320 290 241 320 241 235 281 183 185
Moran 334 380 120 147 306 202 169 194 332 347 260 204
Yahk 420 352 446 337 309 338 387 384 271 483 444 430
Batoche 293 175 275 345 301 387 262 196 231 400 370 296
Sayward 266 283 237 360 310 375 285 262 339 298 332 303
Pavilion 464 401 378 323 369 261 462 305 341 312 318 462
Ahbau 218 238 326 399 152 159 419 392 288 349 433 414
Clinton 355 346 363 409 342 370 332 405 323 316 305 354
Jura 294 156 202 366 238 331 383 171 308 359 233 200
Onward 358 375 396 345 423 300 404 379 376 413 363 394
Montrose 245 285 311 312 317 263 254 293 264 264 266 314
Quin-e-ex 277 422 365 421 371 378 327 273 388 269 412 276
Poser 386 313 393 395 317 363 349 257 295 266 263 305
Hecate 401 378 319 374 148 323 501 386 135 302 464 444
Saach'akwat'a 380 172 187 371 307 87 282 235 293 331 407 400
Galiano 272 260 249 258 237 235 254 250 299 273 297 229
Canford 147 311 217 300 303 298 255 279 178 148 318 238
Qualicum 328 355 361 349 357 375 235 221 285 276 262 249
McConnel 413 277 263 203 143 205 74 205 230 252 232 293
Lakelse 312 269 310 272 290 350 225 370 302 323 398 380
Cassidy 269 261 215 304 246 373 357 231 265 186 311 332
Bamberton 418 300 346 341 423 393 336 294 396 318 414 285
Baldonnel 218 243 153 268 242 176 243 250 228 270 235 261
Burnaby 75 156 334 176 147 307 364 107 138 75 339 114
Fireside 224 280 242 244 256 258 283 221 225 189 206 192
Wright 320 156 167 277 202 171 272 244 164 170 232 177
Qati'a 381 371 347 386 365 384 415 340 352 414 418 427
Argenta 387 478 346 330 461 404 294 459 460 470 400 297
Cumberland 414 295 351 292 422 387 372 348 329 403 346 288
Makinson 328 347 292 298 308 359 493 473 501 385 495 352
Lejac 475 310 357 448 346 368 458 252 498 222 422 210
Sparwood 224 246 237 312 329 91 325 337 113 341 191 327
Stuie 466 328 200 213 206 247 219 362 329 367 396 463
Glade 472 348 240 513 526 374 549 504 429 420 315 494
Brookmere 391 335 388 254 425 233 86 229 367 230 230 370
Deroche 290 217 277 195 134 306 219 236 292 225 210 234
Cascade 516 256 256 269 299 157 195 431 492 291 403 485
Mons 255 187 145 278 310 129 266 166 264 178 220 151
Nuchatlitz 240 213 209 288 233 220 222 178 283 283 178 212
Otway 217 243 203 205 237 184 235 169 215 229 231 209
Nicholson 106 205 314 363 242 110 96 124 195 204 370 280
Caithness 280 312 277 324 313 319 278 334 308 309 290 316
Sunningdale 404 165 384 447 510 316 191 265 283 171 210 434
Colombie-Britannique 329 454 367 253 252 298 248 275 403 342 382 443
Othello 402 394 408 416 311 379 355 326 402 371 354 396
Hkusam 304 278 227 274 370 388 382 366 264 432 332 294
Barkerville 400 317 308 309 302 366 366 434 415 409 374 347
McAbee 227 350 171 195 345 153 316 290 208 339 99 99
Braeside 302 452 390 377 240 282 465 354 501 419 379 290
Trutch 317 390 351 369 330 329 343 325 316 353 402 328
Gibraltar 172 186 205 356 164 221 202 267 142 343 332 327
Ta:shiis 380 377 407 343 316 382 358 336 387 403 365 403
Gleam 399 271 246 356 349 381 304 391 321 313 425 321
Fountain 350 263 176 479 455 359 158 443 106 370 376 404
Edgewater 322 364 351 328 301 332 319 305 315 365 376 376
Katz 227 236 180 372 95 131 318 78 176 213 133 322
Fairfield 273 377 298 413 343 267 410 399 268 262 326 282
Streatham 258 214 259 292 346 326 366 310 219 263 273 298
Sarita 283 188 333 233 172 298 304 163 292 317 203 218
Atchelitz 378 244 305 189 253 193 242 360 318 347 173 199
Stephen 297 250 238 264 177 147 239 185 332 287 136 153
Farron 222 348 498 212 494 492 345 433 271 409 236 306
Woss 401 517 480 332 266 476 439 487 322 396 486 480
Delbrook 252 318 272 265 241 333 259 233 275 327 283 310
Arras 393 235 200 175 50 192 101 191 343 398 160 241
Cedarside 409 310 377 378 246 395 357 279 256 407 247 316
Prairiedale 382 180 433 447 289 378 329 345 453 245 288 390
Abbotsford 76 259 253 204 382 222 68 83 366 69 301 303
Hisnit 193 240 198 273 197 245 187 279 180 176 233 243
Alexandria 529 286 440 371 322 232 355 499 357 285 457 341
Westmount 418 377 375 424 331 267 340 370 309 268 437 390
Leanchoil 292 371 230 310 365 367 268 383 258 232 245 353
Ladner 289 267 161 378 328 322 206 128 99 237 95 376
Glenannan 357 469 304 443 364 382 332 404 336 371 308 394
Eastgate 245 221 317 299 222 260 304 288 176 210 145 174
Woodpecker 345 126 113 292 247 295 257 283 146 195 213 74
Foreman 216 317 325 398 459 266 285 166 393 173 393 267
Longworth 135 250 226 345 413 111 249 144 396 163 111 96
Trépanier 266 373 527 302 451 349 364 224 232 518 279 459
Burquitlam 214 299 297 162 165 225 178 233 167 185 240 161
Kalthaatik 198 185 273 325 293 261 249 248 173 369 150 330
Sevenoaks 211 195 381 221 281 144 491 516 343 497 310 288
Highrock 151 305 128 131 119 134 295 114 309 305 246 94
Polley 345 381 378 435 257 278 352 360 439 238 430 375
Kiikiixink'ok 294 353 320 382 306 329 377 380 368 378 338 346
Buick 421 243 437 175 214 164 372 493 418 258 352 518
Tasu 323 230 159 270 202 334 238 230 186 279 136 188
Wihat'a 342 373 367 444 392 319 310 428 331 353 436 339
Harrop 312 341 249 315 231 327 338 353 329 294 211 295
Nechako 378 328 366 324 421 389 434 421 374 413 329 364
Palliser 389 540 206 397 256 280 465 214 533 528 365 181
Hosmatqts'os 273 349 450 345 323 277 451 432 449 401 330 298
Comox 563 400 217 274 387 394 378 203 516 386 393 363
Hastings-Sunrise 199 330 133 178 167 227 221 444 422 138 316 425
Whalley 271 443 219 336 557 173 247 227 539 295 514 310
Floods 242 240 343 300 291 171 181 170 252 256 343 240
Quick 324 428 368 256 534 471 412 361 547 369 347 508
Gyproc 150 280 150 282 289 140 280 163 182 149 213 288
Valleyview 286 340 304 311 288 372 374 360 381 392 346 331
Swiftwater 217 229 171 236 219 266 164 204 237 259 191 205
Glacier 326 324 446 329 439 462 455 375 451 405 384 351
Rolla 337 206 369 288 389 395 347 291 254 199 257 320
Blaeberry 258 288 149 300 272 156 294 290 308 160 253 222
Elko 127 238 380 206 280 134 294 285 207 137 370 102
W'aayi 296 276 125 155 141 342 126 389 384 315 195 330
Tigulhdzin 178 296 91 217 203 184 111 281 283 72 199 196
Maht'ii'as 532 351 314 396 253 525 464 437 301 296 360 340
Belcarra 475 546 253 452 556 291 468 498 302 464 526 253
Gerrard 301 369 436 348 316 392 306 400 424 308 295 353
Shelley 379 240 381 359 369 297 296 227 339 298 264 383
Rossland 101 411 345 412 142 270 125 223 285 408 320 134
Field 251 330 299 148 162 167 250 255 190 142 216 202
Tlell 312 348 161 353 343 223 140 265 171 346 310 331
Beatton 359 310 263 364 350 319 369 370 373 295 351 261
Fleming 253 110 273 237 147 186 295 240 195 107 273 258
Pineview 250 445 339 279 472 495 305 235 516 386 310 259
Hydro 295 171 216 168 291 220 211 346 120 117 238 323
Albas 338 293 332 306 359 365 343 356 331 321 326 343
T'ak'uwaan 473 370 477 373 426 478 472 430 344 336 385 416
Spatsum 269 304 509 488 517 354 414 476 265 301 537 515
Coquitlam 154 239 218 287 194 196 234 274 254 190 277 239
Broadmoor 353 352 355 305 318 215 383 457 438 280 489 230
Xmaat'in 297 430 391 302 298 468 397 466 434 361 444 396
Atnarko 357 330 305 338 420 269 394 262 392 362 297 375
Ekwan 286 102 227 124 284 99 327 130 295 274 211 156
Mission 240 431 286 409 224 275 402 291 421 475 441 295
Shulus 303 268 302 294 268 242 293 257 277 206 282 260
x̱enichen 235 162 261 151 140 257 346 240 343 316 160 266
Metrotown 266 209 375 347 469 388 162 377 413 394 154 321
MacNeill 218 274 317 192 296 286 300 336 307 224 190 195
Walhachin 380 238 355 281 288 267 208 213 388 240 266 246
Ak:tiis 164 127 358 88 265 160 110 116 430 300 159 261
Messiter 428 317 336 358 395 392 322 357 314 359 355 410
Rykerts 284 335 390 209 164 345 132 228 321 323 239 156
Rivervale 344 396 370 451 354 392 291 459 377 387 437 429
Mackin 287 242 226 212 232 239 314 223 193 175 231 273
Yoyo 121 189 265 211 211 262 158 239 245 282 172 275
Saloon 392 409 352 352 415 405 323 300 398 311 321 402
Ououkinsh 245 188 280 249 147 247 212 194 232 222 238 205
Marguerite 315 231 211 185 299 175 284 234 330 248 232 140
T'iitskakis 410 425 304 331 519 486 550 422 210 537 284 514
Legrand 133 136 210 368 131 356 282 260 420 395 287 225
Silverton 413 176 200 358 216 423 274 400 142 421 264 258
Cariboo 365 328 370 235 260 374 232 382 367 215 285 321
Deekyakus 397 394 462 313 302 438 285 434 396 340 432 318
Douglas 301 270 293 272 276 252 278 270 281 295 259 283
Chopaka 262 250 336 302 191 259 346 253 329 195 218 207
Yellowhead 170 246 158 233 155 244 202 227 261 214 205 207
Sheraton 169 341 369 403 256 267 264 174 283 360 295 381
Caswell 363 342 140 261 431 408 282 299 334 460 323 223
Livingstone 246 317 197 154 222 335 324 85 276 378 160 302
Seddall 191 233 308 304 229 323 236 257 270 209 197 276
Birken 156 281 256 237 125 222 122 131 231 175 259 223
Langley 364 244 350 283 234 302 245 278 162 361 405 378
Garbitt 273 269 211 317 240 313 267 297 277 276 274 344
Malahat 461 138 445 148 334 479 161 446 160 517 224 145
Amsbury 359 381 379 380 295 343 283 323 348 283 324 290
Granite 467 188 204 420 493 293 401 310 306 169 205 247
Cranberry 401 311 395 192 370 213 311 304 410 362 304 222
Rosedale 493 328 343 260 256 326 252 424 285 334 259 284
Thompson 363 233 306 263 231 174 98 275 342 282 334 243
Glendale 245 401 308 215 390 287 361 351 385 227 293 378
Cheslatta 230 262 193 205 270 473 368 487 458 496 493 352
Kitchener 369 352 395 204 245 365 195 280 227 397 287 373
Sullivan 374 330 261 79 281 278 176 300 254 197 38 123
Groundbirch 231 200 239 182 281 270 307 184 303 178 271 253
Glenrosa 278 253 227 272 305 246 229 274 317 254 227 220
Quinsam 133 121 103 264 260 243 335 298 306 273 324 89
Yekooche 375 476 483 482 387 341 320 295 305 335 512 287
Creston 199 320 420 271 418 449 333 232 222 338 455 238
Yarksis 280 278 288 350 311 338 279 306 270 291 273 333
Newlands 245 284 300 352 253 277 335 281 284 228 356 245
Centreville 335 302 393 406 407 306 344 394 329 387 394 348
Remac 297 378 380 399 311 340 374 284 398 353 285 290
Skeena 251 338 257 404 185 172 319 266 433 227 245 413
Kennedy 310 379 368 379 336 333 292 355 322 306 409 407
Parksville 320 305 207 292 282 216 310 251 227 284 302 320
Steelhead 275 373 387 193 143 186 99 359 233 79 293 318
Conrad 329 344 272 291 304 178 315 299 332 288 204 283
Tulameen 381 441 340 427 437 336 336 442 340 400 368 394
Sorcerer 284 409 365 285 291 216 347 386 264 336 331 397
Alberni 176 189 165 185 178 165 258 210 207 149 192 239
Matilpi 246 122 344 362 344 259 148 195 242 248 355 362
Huble 340 314 333 419 359 394 313 310 378 316 381 318
Meadows 194 266 283 149 91 196 241 279 152 301 296 114
Klit-kle-mah-ah 307 257 261 268 276 330 348 280 256 298 296 267
McGuire 309 400 348 390 385 292 354 386 251 256 357 375
Haig 413 576 368 355 273 325 295 442 370 292 514 520
Balfour 363 334 259 216 361 372 318 348 331 240 252 219
Annacis 390 295 214 303 228 264 267 455 253 330 495 344
Elkview 565 311 254 443 391 501 328 515 266 286 333 384
Forde 259 246 217 176 273 209 214 237 175 197 181 172
Nelson 176 265 422 277 387 90 345 104 308 83 344 423
Fowler 496 360 371 472 344 362 414 456 387 393 438 480
Hixon 311 370 347 353 355 298 354 398 438 306 396 435
Fife 274 224 325 275 427 319 336 217 217 428 374 299
Mayook 370 359 424 405 332 396 361 334 364 460 339 424
Thwaytes 348 133 102 282 98 326 190 204 212 125 430 117
Coutlee 276 281 317 377 262 265 399 396 389 276 235 260
Pitman 358 383 378 316 328 383 382 291 329 341 302 308
Boswell 230 238 131 194 313 143 295 352 181 352 153 198
Panorama 120 303 249 252 262 120 61 234 163 208 67 91
Tatlow 229 261 321 248 335 347 293 240 342 294 238 328
Kuldo 87 197 333 153 304 165 294 221 246 262 281 95
ḰENNES 377 279 276 301 337 317 363 365 389 226 348 340
McMurdo 522 441 421 234 401 513 500 192 310 378 248 440
Telachick 311 266 156 168 168 275 180 351 334 173 338 370
Wabi 334 209 163 467 259 300 298 275 149 433 455 388
Pleasantside 240 312 433 446 329 285 389 369 374 272 299 198
Reclaim 204 422 265 483 263 440 422 464 186 345 290 325
Basford 278 307 326 287 340 300 320 292 278 325 361 401
Ksgyukwsa'a 319 378 379 370 306 266 362 354 327 344 343 243
Lauretta 348 248 352 322 208 229 237 277 323 344 247 287
Kobes 249 314 231 219 312 210 355 263 228 331 316 200
Nanaimo 167 301 289 244 350 376 213 165 319 162 387 338
Newgate 266 365 367 352 237 301 245 377 384 399 285 395
Ots'oo-a 278 334 197 154 222 373 313 254 158 311 413 340
Anzac 383 344 224 229 211 330 261 367 334 251 304 311
Yoho 404 183 421 298 306 413 299 289 353 291 207 266
Kalamalka 496 517 283 203 305 301 394 513 481 461 225 508
Paulson 244 152 182 165 226 187 172 204 225 159 178 246
Weewanie 232 491 260 339 378 387 298 495 470 267 533 222
Thunderbird 345 254 292 236 266 175 367 219 368 168 202 361
Chilliwack 437 364 513 419 230 357 198 389 369 377 363 363
Hollyburn 287 206 323 369 233 246 244 415 255 279 331 353
